5.0 3.0
4.985012495834077 3.2995002499404844
4.940199733523725 3.5960079923851835
4.866009467376818 3.886560619984019
4.763182982008655 4.1682550269259515
4.632747685671118 4.438276615812609
4.476006844729035 4.693927420185107
4.294526561853465 4.932653061713073
4.090120128041496 5.152068272698568
3.8648299048119936 5.34998072888245
3.6209069176044193 5.524412954423689
3.3607883642767327 5.673622080184305
3.087073263430021 5.796117257901679
2.802496485873762 5.890674556251579
2.509901428700722 5.956349189965381
2.212211605003108 5.992484959812163
1.912401433096133 5.998720809124515
1.6134665171134248 5.9749944313574055
1.3183937159207373 5.921542892634585
1.0301312994094882 5.838900263062243
0.7515594903585716 5.727892280477045
0.4854616862004262 5.589628099946621
0.2344966482339612 5.425489211458769
0.0011719361605257994 5.237115636530159
-0.21218114662373821 5.026389541653451
-0.403430846640803 4.7954164323118675
-0.5706662601068433 4.546504115464391
-0.7122164260511852 4.282139640701487
-0.8266670220059753 4.004964450467711
-0.9128744954487722 3.7177479876419435
-0.9699774898013369 3.4233600241795976
-0.9974054508198384 3.1247419872998674
-0.9948843273842591 2.824877569717256
-0.962439309726594 2.52676291757025
-0.9003945777383815 2.233376693919501
-0.8093700618723871 1.9476503169311354
-0.6902752490024389 1.672438670115438
-0.5443000951312214 1.4104915772745155
-0.37290313574324596 1.1644263271718378
-0.17779691260041597 0.9367015224480739
0.039069137409168064 0.7295925140762116
0.2755281604001967 0.5451686668067657
0.5292175359779041 0.3852726827592341
0.7976024837600761 0.2515021897516343
1.0780013900647418 0.14519377833145208
1.3676126017076609 0.06740964700470897
1.6635424191948354 0.01892698909960666
1.9628340096113257 0.00023022730769728383
2.2624969503183365 0.011506173492477512
2.559537108267722 0.05264216212700168
2.8509865563896737 0.12322717601058297
3.1339332281389356 0.22255595301680042
3.4055500139011246 0.3496360328395367
3.6631230085374757 0.5031976733282919
3.9040786278278956 0.6817065373320319
4.126009322873773 0.8833790232888168
4.326697635530742 1.1062000863830272
4.5041383545174725 1.347943372207076
4.65655855082395 1.6061934617587161
4.782435292232101 1.8783700055092771
4.880510859951094 2.1617535054032073
4.949805315327751 2.453512487183697
4.989626291069651 2.750731791547492
